=== SOURCE REFERENCES TO 9076 ===
/home/nawaf511/empire-core-new/backend/services/completed_decision/node_modules/side-channel/CHANGELOG.md:112:- Initial tests [`73bdefe`](https://github.com/ljharb/side-channel/commit/73bdefe568c9076cf8c0b8719bc2141aec0e19b8)
/home/nawaf511/empire-core-new/backend/services/completed_decision/node_modules/iconv-lite/encodings/tables/gb18030-ranges.json:1:{"uChars":[128,165,169,178,184,216,226,235,238,244,248,251,253,258,276,284,300,325,329,334,364,463,465,467,469,471,473,475,477,506,594,610,712,716,730,930,938,962,970,1026,1104,1106,8209,8215,8218,8222,8231,8241,8244,8246,8252,8365,8452,8454,8458,8471,8482,8556,8570,8596,8602,8713,8720,8722,8726,8731,8737,8740,8742,8748,8751,8760,8766,8777,8781,8787,8802,8808,8816,8854,8858,8870,8896,8979,9322,9372,9548,9588,9616,9622,9634,9652,9662,9672,9676,9680,9702,9735,9738,9793,9795,11906,11909,11913,11917,11928,11944,11947,11951,11956,11960,11964,11979,12284,12292,12312,12319,12330,12351,12436,12447,12535,12543,12586,12842,12850,12964,13200,13215,13218,13253,13263,13267,13270,13384,13428,13727,13839,13851,14617,14703,14801,14816,14964,15183,15471,15585,16471,16736,17208,17325,17330,17374,17623,17997,18018,18212,18218,18301,18318,18760,18811,18814,18820,18823,18844,18848,18872,19576,19620,19738,19887,40870,59244,59336,59367,59413,59417,59423,59431,59437,59443,59452,59460,59478,59493,63789,63866,63894,63976,63986,64016,64018,64021,64025,64034,64037,64042,65074,65093,65107,65112,65127,65132,65375,65510,65536],"gbChars":[0,36,38,45,50,81,89,95,96,100,103,104,105,109,126,133,148,172,175,179,208,306,307,308,309,310,311,312,313,341,428,443,544,545,558,741,742,749,750,805,819,820,7922,7924,7925,7927,7934,7943,7944,7945,7950,8062,8148,8149,8152,8164,8174,8236,8240,8262,8264,8374,8380,8381,8384,8388,8390,8392,8393,8394,8396,8401,8406,8416,8419,8424,8437,8439,8445,8482,8485,8496,8521,8603,8936,8946,9046,9050,9063,9066,9076,9092,9100,9108,9111,9113,9131,9162,9164,9218,9219,11329,11331,11334,11336,11346,11361,11363,11366,11370,11372,11375,11389,11682,11686,11687,11692,11694,11714,11716,11723,11725,11730,11736,11982,11989,12102,12336,12348,12350,12384,12393,12395,12397,12510,12553,12851,12962,12973,13738,13823,13919,13933,14080,14298,14585,14698,15583,15847,16318,16434,16438,16481,16729,17102,17122,17315,17320,17402,17418,17859,17909,17911,17915,17916,17936,17939,17961,18664,18703,18814,18962,19043,33469,33470,33471,33484,33485,33490,33497,33501,33505,33513,33520,33536,33550,37845,37921,37948,38029,38038,38064,38065,38066,38069,38075,38076,38078,39108,39109,39113,39114,39115,39116,39265,39394,189000]}
/home/nawaf511/empire-core-new/backend/services/decision_governance_core/node_modules/side-channel/CHANGELOG.md:112:- Initial tests [`73bdefe`](https://github.com/ljharb/side-channel/commit/73bdefe568c9076cf8c0b8719bc2141aec0e19b8)
/home/nawaf511/empire-core-new/backend/services/decision_governance_core/node_modules/iconv-lite/encodings/tables/gb18030-ranges.json:1:{"uChars":[128,165,169,178,184,216,226,235,238,244,248,251,253,258,276,284,300,325,329,334,364,463,465,467,469,471,473,475,477,506,594,610,712,716,730,930,938,962,970,1026,1104,1106,8209,8215,8218,8222,8231,8241,8244,8246,8252,8365,8452,8454,8458,8471,8482,8556,8570,8596,8602,8713,8720,8722,8726,8731,8737,8740,8742,8748,8751,8760,8766,8777,8781,8787,8802,8808,8816,8854,8858,8870,8896,8979,9322,9372,9548,9588,9616,9622,9634,9652,9662,9672,9676,9680,9702,9735,9738,9793,9795,11906,11909,11913,11917,11928,11944,11947,11951,11956,11960,11964,11979,12284,12292,12312,12319,12330,12351,12436,12447,12535,12543,12586,12842,12850,12964,13200,13215,13218,13253,13263,13267,13270,13384,13428,13727,13839,13851,14617,14703,14801,14816,14964,15183,15471,15585,16471,16736,17208,17325,17330,17374,17623,17997,18018,18212,18218,18301,18318,18760,18811,18814,18820,18823,18844,18848,18872,19576,19620,19738,19887,40870,59244,59336,59367,59413,59417,59423,59431,59437,59443,59452,59460,59478,59493,63789,63866,63894,63976,63986,64016,64018,64021,64025,64034,64037,64042,65074,65093,65107,65112,65127,65132,65375,65510,65536],"gbChars":[0,36,38,45,50,81,89,95,96,100,103,104,105,109,126,133,148,172,175,179,208,306,307,308,309,310,311,312,313,341,428,443,544,545,558,741,742,749,750,805,819,820,7922,7924,7925,7927,7934,7943,7944,7945,7950,8062,8148,8149,8152,8164,8174,8236,8240,8262,8264,8374,8380,8381,8384,8388,8390,8392,8393,8394,8396,8401,8406,8416,8419,8424,8437,8439,8445,8482,8485,8496,8521,8603,8936,8946,9046,9050,9063,9066,9076,9092,9100,9108,9111,9113,9131,9162,9164,9218,9219,11329,11331,11334,11336,11346,11361,11363,11366,11370,11372,11375,11389,11682,11686,11687,11692,11694,11714,11716,11723,11725,11730,11736,11982,11989,12102,12336,12348,12350,12384,12393,12395,12397,12510,12553,12851,12962,12973,13738,13823,13919,13933,14080,14298,14585,14698,15583,15847,16318,16434,16438,16481,16729,17102,17122,17315,17320,17402,17418,17859,17909,17911,17915,17916,17936,17939,17961,18664,18703,18814,18962,19043,33469,33470,33471,33484,33485,33490,33497,33501,33505,33513,33520,33536,33550,37845,37921,37948,38029,38038,38064,38065,38066,38069,38075,38076,38078,39108,39109,39113,39114,39115,39116,39265,39394,189000]}
/home/nawaf511/empire-core-new/backend/services/bot_execution/node_modules/side-channel/CHANGELOG.md:112:- Initial tests [`73bdefe`](https://github.com/ljharb/side-channel/commit/73bdefe568c9076cf8c0b8719bc2141aec0e19b8)
/home/nawaf511/empire-core-new/backend/services/bot_execution/node_modules/iconv-lite/encodings/tables/gb18030-ranges.json:1:{"uChars":[128,165,169,178,184,216,226,235,238,244,248,251,253,258,276,284,300,325,329,334,364,463,465,467,469,471,473,475,477,506,594,610,712,716,730,930,938,962,970,1026,1104,1106,8209,8215,8218,8222,8231,8241,8244,8246,8252,8365,8452,8454,8458,8471,8482,8556,8570,8596,8602,8713,8720,8722,8726,8731,8737,8740,8742,8748,8751,8760,8766,8777,8781,8787,8802,8808,8816,8854,8858,8870,8896,8979,9322,9372,9548,9588,9616,9622,9634,9652,9662,9672,9676,9680,9702,9735,9738,9793,9795,11906,11909,11913,11917,11928,11944,11947,11951,11956,11960,11964,11979,12284,12292,12312,12319,12330,12351,12436,12447,12535,12543,12586,12842,12850,12964,13200,13215,13218,13253,13263,13267,13270,13384,13428,13727,13839,13851,14617,14703,14801,14816,14964,15183,15471,15585,16471,16736,17208,17325,17330,17374,17623,17997,18018,18212,18218,18301,18318,18760,18811,18814,18820,18823,18844,18848,18872,19576,19620,19738,19887,40870,59244,59336,59367,59413,59417,59423,59431,59437,59443,59452,59460,59478,59493,63789,63866,63894,63976,63986,64016,64018,64021,64025,64034,64037,64042,65074,65093,65107,65112,65127,65132,65375,65510,65536],"gbChars":[0,36,38,45,50,81,89,95,96,100,103,104,105,109,126,133,148,172,175,179,208,306,307,308,309,310,311,312,313,341,428,443,544,545,558,741,742,749,750,805,819,820,7922,7924,7925,7927,7934,7943,7944,7945,7950,8062,8148,8149,8152,8164,8174,8236,8240,8262,8264,8374,8380,8381,8384,8388,8390,8392,8393,8394,8396,8401,8406,8416,8419,8424,8437,8439,8445,8482,8485,8496,8521,8603,8936,8946,9046,9050,9063,9066,9076,9092,9100,9108,9111,9113,9131,9162,9164,9218,9219,11329,11331,11334,11336,11346,11361,11363,11366,11370,11372,11375,11389,11682,11686,11687,11692,11694,11714,11716,11723,11725,11730,11736,11982,11989,12102,12336,12348,12350,12384,12393,12395,12397,12510,12553,12851,12962,12973,13738,13823,13919,13933,14080,14298,14585,14698,15583,15847,16318,16434,16438,16481,16729,17102,17122,17315,17320,17402,17418,17859,17909,17911,17915,17916,17936,17939,17961,18664,18703,18814,18962,19043,33469,33470,33471,33484,33485,33490,33497,33501,33505,33513,33520,33536,33550,37845,37921,37948,38029,38038,38064,38065,38066,38069,38075,38076,38078,39108,39109,39113,39114,39115,39116,39265,39394,189000]}
/home/nawaf511/empire-core-new/backend/data/raw_cot/tff_futures_only_FinFutWk_20260703_222221.txt:4:"JAPANESE YEN - CHICAGO MERCANTILE EXCHANGE",260623,2026-06-23,097741,CME ,00,097 ,  431030,  132757,   14367,    3513,   72898,  151262,   22257,   90764,  187856,    3855,   55485,    2142,    2195,  383724,  387447,   47306,   43583,  -89795,   -5462,    5998,   -1107,     753,   -2534,    1611,   -3125,   -2805,   -1005,    3516,      -6,       1,   -4818,     153,  -84977,  -89948,  100.0,   30.8,    3.3,    0.8,   16.9,   35.1,    5.2,   21.1,   43.6,    0.9,   12.9,    0.5,    0.5,   89.0,   89.9,   11.0,   10.1,    168,      8,     14,.,     27,     31,     13,     26,     46,     10,     14,.,.,     87,    108,    34.2,    33.5,    51.4,    51.2,    33.4,    31.4,    50.6,    48.0,"(CONTRACTS OF JPY 12,500,000)","097741","CME ","097 ","F10","FutOnly"
/home/nawaf511/empire-core-new/backend/data/raw_cot/disaggregated_futures_only_f_disagg_20260703_222221.txt:50:"SOCAL BORDER FIN BASIS - ICE FUTURES ENERGY DIV",260623,2026-06-23,023393,IFED,01,023 ,  321464,  140042,  248356,   61640,   23952,   15975,   74654,   12491,    5483,    1213,    1448,    3381,  302388,  311086,   19076,   10378,  321464,  140042,  248356,   61640,   23952,   15975,   74654,   12491,    5483,    1213,    1448,    3381,  302388,  311086,   19076,   10378,       0,       0,       0,       0,       0,       0,       0,       0,       0,       0,       0,       0,       0,       0,       0,       0,    3809,   -4636,    8358,    -308,   -7741,    3853,    5699,     476,   -1887,     368,     586,     -45,    3044,    3600,     765,     209,  100.0,   43.6,   77.3,   19.2,    7.5,    5.0,   23.2,    3.9,    1.7,    0.4,    0.5,    1.1,   94.1,   96.8,    5.9,    3.2,  100.0,   43.6,   77.3,   19.2,    7.5,    5.0,   23.2,    3.9,    1.7,    0.4,    0.5,    1.1,   94.1,   96.8,    5.9,    3.2,  100.0,    0.0,    0.0,    0.0,    0.0,    0.0,    0.0,    0.0,    0.0,    0.0,    0.0,    0.0,    0.0,    0.0,    0.0,    0.0,     52,     23,     27,.,      5,      5,      4,      4,.,.,.,      4,     39,     42,     52,     23,     27,.,      5,      5,      4,      4,.,.,.,      4,     39,     42,      0,      0,      0,      0,      0,      0,      0,      0,      0,      0,      0,      0,      0,      0,    48.3,    52.6,    66.1,    65.3,    48.3,    48.0,    65.1,    59.4,    48.3,    52.6,    66.1,    65.3,    48.3,    48.0,    65.1,    59.4,     0.0,     0.0,     0.0,     0.0,     0.0,     0.0,     0.0,     0.0,"(Contracts of 2,500  MMBTU'S)","023393","IFED","023 ","N13","FutOnly"
/home/nawaf511/empire-core-new/backend/ndsp-trial-register-canonical-wrapper/node_modules/bcryptjs/dist/bcrypt.js:814:        0x1521b628, 0x29076170, 0xecdd4775, 0x619f1510, 0x13cca830,
/home/nawaf511/empire-core-new/backend/ndsp-trial-register-canonical-wrapper/node_modules/bcryptjs/dist/bcrypt.min.js:26:3041331479,2450970073,2306472731],G=[3509652390,2564797868,805139163,3491422135,3101798381,1780907670,3128725573,4046225305,614570311,3012652279,134345442,2240740374,1667834072,1901547113,2757295779,4103290238,227898511,1921955416,1904987480,2182433518,2069144605,3260701109,2620446009,720527379,3318853667,677414384,3393288472,3101374703,2390351024,1614419982,1822297739,2954791486,3608508353,3174124327,2024746970,1432378464,3864339955,2857741204,1464375394,1676153920,1439316330,715854006,3033291828,
/home/nawaf511/empire-core-new/backend/ndsp-trial-register-canonical-wrapper/node_modules/bcryptjs/src/bcrypt/impl.js:127:    0x1521b628, 0x29076170, 0xecdd4775, 0x619f1510, 0x13cca830,
/home/nawaf511/empire-core-new/backend/password_reset_gateway/node_modules/side-channel/CHANGELOG.md:112:- Initial tests [`73bdefe`](https://github.com/ljharb/side-channel/commit/73bdefe568c9076cf8c0b8719bc2141aec0e19b8)
/home/nawaf511/empire-core-new/backend/password_reset_gateway/node_modules/iconv-lite/encodings/tables/gb18030-ranges.json:1:{"uChars":[128,165,169,178,184,216,226,235,238,244,248,251,253,258,276,284,300,325,329,334,364,463,465,467,469,471,473,475,477,506,594,610,712,716,730,930,938,962,970,1026,1104,1106,8209,8215,8218,8222,8231,8241,8244,8246,8252,8365,8452,8454,8458,8471,8482,8556,8570,8596,8602,8713,8720,8722,8726,8731,8737,8740,8742,8748,8751,8760,8766,8777,8781,8787,8802,8808,8816,8854,8858,8870,8896,8979,9322,9372,9548,9588,9616,9622,9634,9652,9662,9672,9676,9680,9702,9735,9738,9793,9795,11906,11909,11913,11917,11928,11944,11947,11951,11956,11960,11964,11979,12284,12292,12312,12319,12330,12351,12436,12447,12535,12543,12586,12842,12850,12964,13200,13215,13218,13253,13263,13267,13270,13384,13428,13727,13839,13851,14617,14703,14801,14816,14964,15183,15471,15585,16471,16736,17208,17325,17330,17374,17623,17997,18018,18212,18218,18301,18318,18760,18811,18814,18820,18823,18844,18848,18872,19576,19620,19738,19887,40870,59244,59336,59367,59413,59417,59423,59431,59437,59443,59452,59460,59478,59493,63789,63866,63894,63976,63986,64016,64018,64021,64025,64034,64037,64042,65074,65093,65107,65112,65127,65132,65375,65510,65536],"gbChars":[0,36,38,45,50,81,89,95,96,100,103,104,105,109,126,133,148,172,175,179,208,306,307,308,309,310,311,312,313,341,428,443,544,545,558,741,742,749,750,805,819,820,7922,7924,7925,7927,7934,7943,7944,7945,7950,8062,8148,8149,8152,8164,8174,8236,8240,8262,8264,8374,8380,8381,8384,8388,8390,8392,8393,8394,8396,8401,8406,8416,8419,8424,8437,8439,8445,8482,8485,8496,8521,8603,8936,8946,9046,9050,9063,9066,9076,9092,9100,9108,9111,9113,9131,9162,9164,9218,9219,11329,11331,11334,11336,11346,11361,11363,11366,11370,11372,11375,11389,11682,11686,11687,11692,11694,11714,11716,11723,11725,11730,11736,11982,11989,12102,12336,12348,12350,12384,12393,12395,12397,12510,12553,12851,12962,12973,13738,13823,13919,13933,14080,14298,14585,14698,15583,15847,16318,16434,16438,16481,16729,17102,17122,17315,17320,17402,17418,17859,17909,17911,17915,17916,17936,17939,17961,18664,18703,18814,18962,19043,33469,33470,33471,33484,33485,33490,33497,33501,33505,33513,33520,33536,33550,37845,37921,37948,38029,38038,38064,38065,38066,38069,38075,38076,38078,39108,39109,39113,39114,39115,39116,39265,39394,189000]}
/home/nawaf511/empire-core-new/backend/password_reset_gateway/node_modules/bcrypt/src/blowfish.cc:219:			0x1521b628, 0x29076170, 0xecdd4775, 0x619f1510,
/home/nawaf511/empire-core-new/backend/app/runtime/ndsp_v201_launch_completion.py:19:RAW_COT_URL = "http://127.0.0.1:9076/api/admin/raw-cot/status"
/home/nawaf511/empire-core-new/backend/app/runtime/ndsp_v201_launch_completion.py:89:            "raw_cot_connected": False,
/home/nawaf511/empire-core-new/backend/app/runtime/ndsp_v201_launch_completion.py:95:        "raw_cot_connected": False,
/home/nawaf511/empire-core-new/backend/app/runtime/ndsp_v201_launch_completion.py:324:        raw.get("raw_cot_connected") is True
/home/nawaf511/empire-core-new/backend/app/runtime/ndsp_v201_launch_completion.py:346:        "raw_cot_connected": raw.get("raw_cot_connected") is True,
/home/nawaf511/empire-core-new/backend/app/runtime/ndsp_v201_launch_completion.py:347:        "raw_cot_status": raw.get("raw_cot_status"),
/home/nawaf511/empire-core-new/backend/node_modules/side-channel/CHANGELOG.md:102:- Initial tests [`73bdefe`](https://github.com/ljharb/side-channel/commit/73bdefe568c9076cf8c0b8719bc2141aec0e19b8)
/home/nawaf511/empire-core-new/backend/node_modules/bcryptjs/dist/bcrypt.js:814:        0x1521b628, 0x29076170, 0xecdd4775, 0x619f1510, 0x13cca830,
/home/nawaf511/empire-core-new/backend/node_modules/bcryptjs/dist/bcrypt.min.js:26:3041331479,2450970073,2306472731],G=[3509652390,2564797868,805139163,3491422135,3101798381,1780907670,3128725573,4046225305,614570311,3012652279,134345442,2240740374,1667834072,1901547113,2757295779,4103290238,227898511,1921955416,1904987480,2182433518,2069144605,3260701109,2620446009,720527379,3318853667,677414384,3393288472,3101374703,2390351024,1614419982,1822297739,2954791486,3608508353,3174124327,2024746970,1432378464,3864339955,2857741204,1464375394,1676153920,1439316330,715854006,3033291828,
/home/nawaf511/empire-core-new/backend/node_modules/bcryptjs/src/bcrypt/impl.js:127:    0x1521b628, 0x29076170, 0xecdd4775, 0x619f1510, 0x13cca830,
/home/nawaf511/empire-core-new/backend/node_modules/iconv-lite/encodings/tables/gb18030-ranges.json:1:{"uChars":[128,165,169,178,184,216,226,235,238,244,248,251,253,258,276,284,300,325,329,334,364,463,465,467,469,471,473,475,477,506,594,610,712,716,730,930,938,962,970,1026,1104,1106,8209,8215,8218,8222,8231,8241,8244,8246,8252,8365,8452,8454,8458,8471,8482,8556,8570,8596,8602,8713,8720,8722,8726,8731,8737,8740,8742,8748,8751,8760,8766,8777,8781,8787,8802,8808,8816,8854,8858,8870,8896,8979,9322,9372,9548,9588,9616,9622,9634,9652,9662,9672,9676,9680,9702,9735,9738,9793,9795,11906,11909,11913,11917,11928,11944,11947,11951,11956,11960,11964,11979,12284,12292,12312,12319,12330,12351,12436,12447,12535,12543,12586,12842,12850,12964,13200,13215,13218,13253,13263,13267,13270,13384,13428,13727,13839,13851,14617,14703,14801,14816,14964,15183,15471,15585,16471,16736,17208,17325,17330,17374,17623,17997,18018,18212,18218,18301,18318,18760,18811,18814,18820,18823,18844,18848,18872,19576,19620,19738,19887,40870,59244,59336,59367,59413,59417,59423,59431,59437,59443,59452,59460,59478,59493,63789,63866,63894,63976,63986,64016,64018,64021,64025,64034,64037,64042,65074,65093,65107,65112,65127,65132,65375,65510,65536],"gbChars":[0,36,38,45,50,81,89,95,96,100,103,104,105,109,126,133,148,172,175,179,208,306,307,308,309,310,311,312,313,341,428,443,544,545,558,741,742,749,750,805,819,820,7922,7924,7925,7927,7934,7943,7944,7945,7950,8062,8148,8149,8152,8164,8174,8236,8240,8262,8264,8374,8380,8381,8384,8388,8390,8392,8393,8394,8396,8401,8406,8416,8419,8424,8437,8439,8445,8482,8485,8496,8521,8603,8936,8946,9046,9050,9063,9066,9076,9092,9100,9108,9111,9113,9131,9162,9164,9218,9219,11329,11331,11334,11336,11346,11361,11363,11366,11370,11372,11375,11389,11682,11686,11687,11692,11694,11714,11716,11723,11725,11730,11736,11982,11989,12102,12336,12348,12350,12384,12393,12395,12397,12510,12553,12851,12962,12973,13738,13823,13919,13933,14080,14298,14585,14698,15583,15847,16318,16434,16438,16481,16729,17102,17122,17315,17320,17402,17418,17859,17909,17911,17915,17916,17936,17939,17961,18664,18703,18814,18962,19043,33469,33470,33471,33484,33485,33490,33497,33501,33505,33513,33520,33536,33550,37845,37921,37948,38029,38038,38064,38065,38066,38069,38075,38076,38078,39108,39109,39113,39114,39115,39116,39265,39394,189000]}
/home/nawaf511/empire-core-new/backend/ndsp-access-guard-final/node_modules/bcryptjs/index.js:614:  0xeecea50f, 0xdb2f953b, 0x2aef7dad, 0x5b6e2f84, 0x1521b628, 0x29076170,
/home/nawaf511/empire-core-new/backend/ndsp-access-guard-final/node_modules/bcryptjs/umd/index.js:672:      0xeecea50f, 0xdb2f953b, 0x2aef7dad, 0x5b6e2f84, 0x1521b628, 0x29076170,
/home/nawaf511/empire-core-new/backend/auth_api/node_modules/side-channel/CHANGELOG.md:102:- Initial tests [`73bdefe`](https://github.com/ljharb/side-channel/commit/73bdefe568c9076cf8c0b8719bc2141aec0e19b8)
/home/nawaf511/empire-core-new/backend/auth_api/node_modules/bcryptjs/dist/bcrypt.js:814:        0x1521b628, 0x29076170, 0xecdd4775, 0x619f1510, 0x13cca830,
/home/nawaf511/empire-core-new/backend/auth_api/node_modules/bcryptjs/dist/bcrypt.min.js:26:3041331479,2450970073,2306472731],G=[3509652390,2564797868,805139163,3491422135,3101798381,1780907670,3128725573,4046225305,614570311,3012652279,134345442,2240740374,1667834072,1901547113,2757295779,4103290238,227898511,1921955416,1904987480,2182433518,2069144605,3260701109,2620446009,720527379,3318853667,677414384,3393288472,3101374703,2390351024,1614419982,1822297739,2954791486,3608508353,3174124327,2024746970,1432378464,3864339955,2857741204,1464375394,1676153920,1439316330,715854006,3033291828,
/home/nawaf511/empire-core-new/backend/auth_api/node_modules/bcryptjs/src/bcrypt/impl.js:127:    0x1521b628, 0x29076170, 0xecdd4775, 0x619f1510, 0x13cca830,
/home/nawaf511/empire-core-new/backend/auth_api/node_modules/iconv-lite/encodings/tables/gb18030-ranges.json:1:{"uChars":[128,165,169,178,184,216,226,235,238,244,248,251,253,258,276,284,300,325,329,334,364,463,465,467,469,471,473,475,477,506,594,610,712,716,730,930,938,962,970,1026,1104,1106,8209,8215,8218,8222,8231,8241,8244,8246,8252,8365,8452,8454,8458,8471,8482,8556,8570,8596,8602,8713,8720,8722,8726,8731,8737,8740,8742,8748,8751,8760,8766,8777,8781,8787,8802,8808,8816,8854,8858,8870,8896,8979,9322,9372,9548,9588,9616,9622,9634,9652,9662,9672,9676,9680,9702,9735,9738,9793,9795,11906,11909,11913,11917,11928,11944,11947,11951,11956,11960,11964,11979,12284,12292,12312,12319,12330,12351,12436,12447,12535,12543,12586,12842,12850,12964,13200,13215,13218,13253,13263,13267,13270,13384,13428,13727,13839,13851,14617,14703,14801,14816,14964,15183,15471,15585,16471,16736,17208,17325,17330,17374,17623,17997,18018,18212,18218,18301,18318,18760,18811,18814,18820,18823,18844,18848,18872,19576,19620,19738,19887,40870,59244,59336,59367,59413,59417,59423,59431,59437,59443,59452,59460,59478,59493,63789,63866,63894,63976,63986,64016,64018,64021,64025,64034,64037,64042,65074,65093,65107,65112,65127,65132,65375,65510,65536],"gbChars":[0,36,38,45,50,81,89,95,96,100,103,104,105,109,126,133,148,172,175,179,208,306,307,308,309,310,311,312,313,341,428,443,544,545,558,741,742,749,750,805,819,820,7922,7924,7925,7927,7934,7943,7944,7945,7950,8062,8148,8149,8152,8164,8174,8236,8240,8262,8264,8374,8380,8381,8384,8388,8390,8392,8393,8394,8396,8401,8406,8416,8419,8424,8437,8439,8445,8482,8485,8496,8521,8603,8936,8946,9046,9050,9063,9066,9076,9092,9100,9108,9111,9113,9131,9162,9164,9218,9219,11329,11331,11334,11336,11346,11361,11363,11366,11370,11372,11375,11389,11682,11686,11687,11692,11694,11714,11716,11723,11725,11730,11736,11982,11989,12102,12336,12348,12350,12384,12393,12395,12397,12510,12553,12851,12962,12973,13738,13823,13919,13933,14080,14298,14585,14698,15583,15847,16318,16434,16438,16481,16729,17102,17122,17315,17320,17402,17418,17859,17909,17911,17915,17916,17936,17939,17961,18664,18703,18814,18962,19043,33469,33470,33471,33484,33485,33490,33497,33501,33505,33513,33520,33536,33550,37845,37921,37948,38029,38038,38064,38065,38066,38069,38075,38076,38078,39108,39109,39113,39114,39115,39116,39265,39394,189000]}
/home/nawaf511/empire-core-new/backend/auth_api/node_modules/bcrypt/src/blowfish.cc:219:			0x1521b628, 0x29076170, 0xecdd4775, 0x619f1510,

=== HISTORY ADAPTER REFERENCES ===
/home/nawaf511/empire-core-new/backend/tests/contracts/test_cot_history_adapter.py:3:from app.support_layers.cot.cot_history_adapter import (
/home/nawaf511/empire-core-new/backend/tests/contracts/test_cot_history_adapter.py:4:    CotMarketIdentity,
/home/nawaf511/empire-core-new/backend/tests/contracts/test_cot_history_adapter.py:5:    build_governed_history_payload,
/home/nawaf511/empire-core-new/backend/tests/contracts/test_cot_history_adapter.py:13:ETH = CotMarketIdentity(
/home/nawaf511/empire-core-new/backend/tests/contracts/test_cot_history_adapter.py:24:    payload = build_governed_history_payload(
/home/nawaf511/empire-core-new/backend/tests/contracts/test_cot_history_adapter.py:34:    payload = build_governed_history_payload(
/home/nawaf511/empire-core-new/backend/tests/contracts/test_cot_history_adapter.py:47:    payload = build_governed_history_payload(
/home/nawaf511/empire-core-new/backend/tests/contracts/test_cot_history_adapter.py:60:    payload = build_governed_history_payload(
/home/nawaf511/empire-core-new/backend/tests/contracts/test_cot_history_adapter.py:74:    payload = build_governed_history_payload(
/home/nawaf511/empire-core-new/backend/app/support_layers/cot/cot_history_adapter.py:11:class CotMarketIdentity:
/home/nawaf511/empire-core-new/backend/app/support_layers/cot/cot_history_adapter.py:19:    identity: CotMarketIdentity
/home/nawaf511/empire-core-new/backend/app/support_layers/cot/cot_history_adapter.py:63:    target: CotMarketIdentity,
/home/nawaf511/empire-core-new/backend/app/support_layers/cot/cot_history_adapter.py:116:    target: CotMarketIdentity,
/home/nawaf511/empire-core-new/backend/app/support_layers/cot/cot_history_adapter.py:231:def build_governed_history_payload(
/home/nawaf511/empire-core-new/backend/app/support_layers/cot/cot_history_adapter.py:233:    target: CotMarketIdentity,
/home/nawaf511/empire-core-new/backend/.pytest_cache/v/cache/nodeids:2:  "tests/contracts/test_cot_history_adapter.py::test_current_values_are_real",
/home/nawaf511/empire-core-new/backend/.pytest_cache/v/cache/nodeids:3:  "tests/contracts/test_cot_history_adapter.py::test_exact_same_market_history",
/home/nawaf511/empire-core-new/backend/.pytest_cache/v/cache/nodeids:4:  "tests/contracts/test_cot_history_adapter.py::test_micro_ether_not_mixed",
/home/nawaf511/empire-core-new/backend/.pytest_cache/v/cache/nodeids:5:  "tests/contracts/test_cot_history_adapter.py::test_no_synthetic_values",
/home/nawaf511/empire-core-new/backend/.pytest_cache/v/cache/nodeids:6:  "tests/contracts/test_cot_history_adapter.py::test_weekly_changes_are_exact"
